{
  "cells": [
    {
      "cell_type": "markdown",
      "metadata": {
        "id": "G4nNlwUVg8HK"
      },
      "source": [
        "# Coordinate systems and transforms of Synthesis AI dataset"
      ]
    },
    {
      "cell_type": "markdown",
      "metadata": {
        "collapsed": true,
        "id": "nCw7n3Wfg8HM"
      },
      "source": [
        "First, we install `synthesisai` and download test datasets."
      ]
    },
    {
      "cell_type": "code",
      "execution_count": null,
      "metadata": {
        "id": "bFLVFYEEg8HN",
        "outputId": "04abb4bb-7118-4eed-e9de-cf4ce785add7"
      },
      "outputs": [],
      "source": [
        "%%bash\n",
        "python -m pip install synthesisai\n",
        "curl https://synthesisai-example-datasets.s3.amazonaws.com/humans_api_example_dataset.zip -o humans_api_example_dataset.zip\n",
        "unzip humans_api_example_dataset.zip -d humans_api_example_dataset"
      ]
    },
    {
      "cell_type": "markdown",
      "metadata": {
        "id": "FTKOP69pg8HO"
      },
      "source": [
        "Finally we add some imports for the visualisation."
      ]
    },
    {
      "cell_type": "code",
      "execution_count": 1,
      "metadata": {
        "id": "9NwXYYlxg8HO"
      },
      "outputs": [],
      "source": [
        "%matplotlib inline"
      ]
    },
    {
      "cell_type": "code",
      "execution_count": 2,
      "metadata": {
        "id": "H6OL8ckAg8HO"
      },
      "outputs": [],
      "source": [
        "import cv2\n",
        "import numpy as np"
      ]
    },
    {
      "cell_type": "markdown",
      "metadata": {
        "id": "PmFjJR25g8HO"
      },
      "source": [
        "We use `SaiDataset` class to access synthesis datasets.\n"
      ]
    },
    {
      "cell_type": "code",
      "execution_count": 3,
      "metadata": {
        "id": "JOZzsVFog8HP"
      },
      "outputs": [],
      "source": [
        "from synthesisai import SaiDataset, Modality"
      ]
    },
    {
      "cell_type": "code",
      "execution_count": 4,
      "metadata": {
        "id": "As6rWPDig8HQ"
      },
      "outputs": [],
      "source": [
        "data_root = \"humans_api_example_dataset\"\n",
        "dataset = SaiDataset(\n",
        "    data_root,\n",
        "    modalities=[\n",
        "        Modality.RGB, Modality.CAM_TO_HEAD, Modality.HEAD_TO_CAM,\n",
        "        Modality.WORLD_TO_HEAD, Modality.HEAD_TO_WORLD, Modality.WORLD_TO_CAM,\n",
        "        Modality.CAM_TO_WORLD, Modality.LANDMARKS_3D_IBUG68\n",
        "    ]\n",
        ")"
      ]
    },
    {
      "cell_type": "code",
      "execution_count": 5,
      "metadata": {
        "id": "bOpuxN10g8HQ",
        "outputId": "b446c062-32e9-4bb7-e280-2f4198bd9ec0"
      },
      "outputs": [
        {
          "data": {
            "text/plain": [
              "50"
            ]
          },
          "execution_count": 5,
          "metadata": {},
          "output_type": "execute_result"
        }
      ],
      "source": [
        "len(dataset)"
      ]
    },
    {
      "cell_type": "markdown",
      "metadata": {
        "id": "Swd8mJuyg8HQ"
      },
      "source": [
        "There are 50 items in the test dataset. Let's explore them closer."
      ]
    },
    {
      "cell_type": "code",
      "execution_count": 6,
      "metadata": {
        "id": "3gPcTVumg8HQ"
      },
      "outputs": [],
      "source": [
        "item = dataset[0]\n",
        "item2 = dataset[1]"
      ]
    },
    {
      "cell_type": "markdown",
      "metadata": {
        "id": "Wk8C2rM6g8HQ"
      },
      "source": [
        "Each item is a dict with different modalities as keys."
      ]
    },
    {
      "cell_type": "code",
      "execution_count": 7,
      "metadata": {
        "id": "GJQuqZb9g8HQ",
        "outputId": "9362c140-f068-4915-f7d7-2663a399ed11"
      },
      "outputs": [
        {
          "name": "stdout",
          "output_type": "stream",
          "text": [
            "dict_keys([<Modality.RGB: 2>, <Modality.LANDMARKS_3D_IBUG68: 14>, <Modality.HEAD_TO_CAM: 28>, <Modality.CAM_TO_HEAD: 29>, <Modality.HEAD_TO_WORLD: 30>, <Modality.WORLD_TO_HEAD: 31>, <Modality.CAM_TO_WORLD: 32>, <Modality.WORLD_TO_CAM: 33>])\n"
          ]
        }
      ],
      "source": [
        "print(item.keys())"
      ]
    },
    {
      "cell_type": "markdown",
      "metadata": {
        "id": "VPZ1LUqXg8HQ"
      },
      "source": [
        "In the Synthesis AI dataset we use 3 different coordinate systems:\n",
        "1.  World coordinate system.\n",
        "2.  Camera coordinate system, centered at the camera with x-axis directed right, y-axis directed top and z-axis directed towards the camera.\n",
        "3.  Head coordinate system, centered at the center of the face with x-axis directed toward the left ear, y-axis directed to the top of the head and z-axis directed towards the nose."
      ]
    },
    {
      "cell_type": "markdown",
      "metadata": {
        "id": "50MxlRuug8HR"
      },
      "source": [
        "We provide transformations between head, camera and world coordinates systems as 4x4 matrices in homogeneous coordinates."
      ]
    },
    {
      "cell_type": "code",
      "execution_count": 8,
      "metadata": {
        "id": "-lB1cM2Ng8HR",
        "outputId": "c355601f-8ac2-4a5a-8783-bbea468be7c0"
      },
      "outputs": [
        {
          "data": {
            "text/plain": [
              "{1: array([[ 9.99998727e-01, -8.78708453e-08,  4.42647876e-08,\n",
              "         -1.55687252e-08],\n",
              "        [-4.62436546e-09,  9.99998860e-01, -6.47808811e-07,\n",
              "         -5.21423455e-07],\n",
              "        [-5.82861084e-08,  6.75191251e-07,  9.99998655e-01,\n",
              "          9.99998781e-01],\n",
              "        [ 0.00000000e+00,  0.00000000e+00,  0.00000000e+00,\n",
              "          1.00000000e+00]])}"
            ]
          },
          "execution_count": 8,
          "metadata": {},
          "output_type": "execute_result"
        }
      ],
      "source": [
        "item[Modality.CAM_TO_HEAD]"
      ]
    },
    {
      "cell_type": "code",
      "execution_count": 9,
      "metadata": {
        "id": "LHYH_XHIg8HR",
        "outputId": "2d4713da-ac6f-443b-c8db-d17491201648"
      },
      "outputs": [
        {
          "data": {
            "text/plain": [
              "{1: array([[ 1.00000127e+00,  8.78710872e-08, -4.42648466e-08,\n",
              "          5.98335834e-08],\n",
              "        [ 4.62441438e-09,  1.00000114e+00,  6.47810421e-07,\n",
              "         -1.26385581e-07],\n",
              "        [ 5.82862578e-08, -6.75192924e-07,  1.00000135e+00,\n",
              "         -1.00000013e+00],\n",
              "        [ 0.00000000e+00,  0.00000000e+00,  0.00000000e+00,\n",
              "          1.00000000e+00]])}"
            ]
          },
          "execution_count": 9,
          "metadata": {},
          "output_type": "execute_result"
        }
      ],
      "source": [
        "item[Modality.HEAD_TO_CAM]"
      ]
    },
    {
      "cell_type": "code",
      "execution_count": 10,
      "metadata": {
        "id": "0D4GIlvIg8HR",
        "outputId": "cb4f9c1e-0d87-4413-a247-095590c17048"
      },
      "outputs": [
        {
          "data": {
            "text/plain": [
              "{1: array([[ 0.99874067,  0.00310815,  0.05009945,  0.07918648],\n",
              "        [ 0.0103344 ,  0.96396834, -0.26582056,  1.58719778],\n",
              "        [-0.0491204 ,  0.26600313,  0.96272123,  0.36950338],\n",
              "        [ 0.        ,  0.        ,  0.        ,  1.        ]])}"
            ]
          },
          "execution_count": 10,
          "metadata": {},
          "output_type": "execute_result"
        }
      ],
      "source": [
        "item[Modality.HEAD_TO_WORLD]"
      ]
    },
    {
      "cell_type": "code",
      "execution_count": 11,
      "metadata": {
        "id": "NaOL6ZYIg8HR",
        "outputId": "b08f8837-b673-4f03-e03b-446c2cc4aa15"
      },
      "outputs": [
        {
          "data": {
            "text/plain": [
              "{1: array([[ 0.99873813,  0.01033429, -0.04912031, -0.07733901],\n",
              "        [ 0.00310805,  0.96396613,  0.26600256, -1.62853986],\n",
              "        [ 0.0500993 , -0.26581982,  0.96271865,  0.06221365],\n",
              "        [ 0.        ,  0.        ,  0.        ,  1.        ]])}"
            ]
          },
          "execution_count": 11,
          "metadata": {},
          "output_type": "execute_result"
        }
      ],
      "source": [
        "item[Modality.WORLD_TO_HEAD]"
      ]
    },
    {
      "cell_type": "code",
      "execution_count": 12,
      "metadata": {
        "id": "PpxedOcsg8HR",
        "outputId": "c3b71da2-5894-45d2-d11e-535546816f81"
      },
      "outputs": [
        {
          "data": {
            "text/plain": [
              "array([[ 0.9987394 ,  0.00310809,  0.05009943,  0.12928586],\n",
              "       [ 0.0103344 ,  0.96396706, -0.26582083,  1.32137704],\n",
              "       [-0.04912039,  0.26600348,  0.96271976,  1.3322233 ],\n",
              "       [ 0.        ,  0.        ,  0.        ,  1.        ]])"
            ]
          },
          "execution_count": 12,
          "metadata": {},
          "output_type": "execute_result"
        }
      ],
      "source": [
        "item[Modality.CAM_TO_WORLD]"
      ]
    },
    {
      "cell_type": "code",
      "execution_count": 13,
      "metadata": {
        "id": "IEONOWfig8HR",
        "outputId": "7541ee98-ea21-4999-d794-dba69ebe5c31"
      },
      "outputs": [
        {
          "data": {
            "text/plain": [
              "array([[ 0.9987394 ,  0.0103344 , -0.04912039, -0.07733919],\n",
              "       [ 0.00310809,  0.96396706,  0.26600348, -1.6285418 ],\n",
              "       [ 0.05009943, -0.26582083,  0.96271976, -0.9377853 ],\n",
              "       [ 0.        ,  0.        ,  0.        ,  1.        ]])"
            ]
          },
          "execution_count": 13,
          "metadata": {},
          "output_type": "execute_result"
        }
      ],
      "source": [
        "item[Modality.WORLD_TO_CAM]"
      ]
    },
    {
      "cell_type": "markdown",
      "metadata": {
        "id": "9Nx4cU1Fg8HS"
      },
      "source": [
        "X_TO_Y transform is always inverse of Y_TO_X:"
      ]
    },
    {
      "cell_type": "code",
      "execution_count": 14,
      "metadata": {
        "id": "RVPaK5JVg8HS"
      },
      "outputs": [],
      "source": [
        "human_instance_ids = item[Modality.CAM_TO_HEAD].keys()\n",
        "# each human has its own cam-to-head and head-to-cam transform\n",
        "for human_instance_id in human_instance_ids:\n",
        "    np.testing.assert_allclose(item[Modality.CAM_TO_HEAD][human_instance_id] @ item[Modality.HEAD_TO_CAM][human_instance_id], np.eye(4), atol=1e-10)\n",
        "    np.testing.assert_allclose(item[Modality.HEAD_TO_WORLD][human_instance_id] @ item[Modality.WORLD_TO_HEAD][human_instance_id], np.eye(4), atol=1e-10)\n",
        "np.testing.assert_allclose(item[Modality.CAM_TO_WORLD] @ item[Modality.WORLD_TO_CAM], np.eye(4), atol=1e-10)"
      ]
    },
    {
      "cell_type": "markdown",
      "metadata": {
        "id": "YXZXLyjLg8HS"
      },
      "source": [
        "And composition of X_TO_Y and Z_TO_X transforms always give Z_TO_Y transform:"
      ]
    },
    {
      "cell_type": "code",
      "execution_count": 15,
      "metadata": {
        "id": "rgNG6f0og8HS"
      },
      "outputs": [],
      "source": [
        "for human_instance_id in human_instance_ids:\n",
        "    np.testing.assert_allclose(item[Modality.CAM_TO_WORLD], item[Modality.HEAD_TO_WORLD][human_instance_id] @ item[Modality.CAM_TO_HEAD][human_instance_id], atol=1e-10)"
      ]
    },
    {
      "cell_type": "markdown",
      "metadata": {
        "id": "DAA_rwlOg8HS"
      },
      "source": [
        "All 3D coordinates (ex. landmarks) are always given in camera coordinates."
      ]
    },
    {
      "cell_type": "code",
      "execution_count": 16,
      "metadata": {
        "id": "Qf7DNlLxg8HS",
        "outputId": "1f389d51-073d-4beb-cae1-e12a330f8058"
      },
      "outputs": [
        {
          "data": {
            "text/plain": [
              "(-0.0750153586268425, -0.002459546085447073, -1.041256308555603)"
            ]
          },
          "execution_count": 16,
          "metadata": {},
          "output_type": "execute_result"
        }
      ],
      "source": [
        "item[Modality.LANDMARKS_3D_IBUG68][1][0]"
      ]
    },
    {
      "cell_type": "markdown",
      "metadata": {
        "id": "HurXvT3Jg8HS"
      },
      "source": [
        "If we want to get coordinates in the head coordinate system (they should be independent on camera position and pitch/yaw/roll values),\n",
        "we need to multiply them by CAM_TO_HEAD transform.\n",
        "\n",
        "However, as matrices are in homogeneous coordinates, first we will need to transform them to homogeneous coordinates:"
      ]
    },
    {
      "cell_type": "code",
      "execution_count": 17,
      "metadata": {
        "id": "5_mie5Ufg8HS"
      },
      "outputs": [],
      "source": [
        "def to_homogeneous(xs):\n",
        "    xs_array = np.array(xs)\n",
        "    assert (xs_array.shape[-1] == 3)\n",
        "    ones_shape = list(xs_array.shape)\n",
        "    ones_shape[-1] = 1\n",
        "    homogeneous = np.concatenate([xs_array, np.ones(ones_shape)], axis=-1)\n",
        "    return homogeneous"
      ]
    },
    {
      "cell_type": "code",
      "execution_count": 18,
      "metadata": {
        "id": "pqYZJhOgg8HS",
        "outputId": "a5c0234a-89b6-44ab-acb6-d8f4e263a4d7"
      },
      "outputs": [
        {
          "data": {
            "text/plain": [
              "array([-0.07501536, -0.00245955, -1.04125631,  1.        ])"
            ]
          },
          "execution_count": 18,
          "metadata": {},
          "output_type": "execute_result"
        }
      ],
      "source": [
        "homogeneous_cam = to_homogeneous(item[Modality.LANDMARKS_3D_IBUG68][1][0])\n",
        "homogeneous_cam"
      ]
    },
    {
      "cell_type": "markdown",
      "metadata": {
        "id": "BK5BwBDKg8HT"
      },
      "source": [
        "We wrote our own function instead of using opecv one, so it can work with multidimensional arrays of points.\n",
        "Opencv function can work only with 1-d arrays of points, neither single point, nor multidimensional arrays are supported.\n",
        "In this particular case, opencv function will suffice:"
      ]
    },
    {
      "cell_type": "code",
      "execution_count": 19,
      "metadata": {
        "id": "Y__Pobhyg8HT",
        "outputId": "ee520481-6531-4704-f6b4-db0ccf2ce695"
      },
      "outputs": [
        {
          "data": {
            "text/plain": [
              "array([[-0.07501536, -0.00245955, -1.04125631,  1.        ]])"
            ]
          },
          "execution_count": 19,
          "metadata": {},
          "output_type": "execute_result"
        }
      ],
      "source": [
        "cv2.convertPointsToHomogeneous(np.array([item[Modality.LANDMARKS_3D_IBUG68][1][0]]))[0]"
      ]
    },
    {
      "cell_type": "markdown",
      "metadata": {
        "id": "DMM3qroGg8HT"
      },
      "source": [
        "Now, we can compute homogeneous coordinates in head coordinate system."
      ]
    },
    {
      "cell_type": "code",
      "execution_count": 20,
      "metadata": {
        "id": "Y6oEXT_Gg8HT",
        "outputId": "8bc6ea2d-11fc-483a-b5f9-4bd2af7ae996"
      },
      "outputs": [
        {
          "data": {
            "text/plain": [
              "array([-0.07501532, -0.00245939, -0.04125612,  1.        ])"
            ]
          },
          "execution_count": 20,
          "metadata": {},
          "output_type": "execute_result"
        }
      ],
      "source": [
        "homogeneous_head = item[Modality.CAM_TO_HEAD][1] @ homogeneous_cam\n",
        "homogeneous_head"
      ]
    },
    {
      "cell_type": "markdown",
      "metadata": {
        "id": "wrXW2dd4g8HT"
      },
      "source": [
        "Now, we need to transform back to euclidian coordinates:"
      ]
    },
    {
      "cell_type": "code",
      "execution_count": 21,
      "metadata": {
        "id": "ihbliMahg8HT"
      },
      "outputs": [],
      "source": [
        "def from_homogeneous(xs):\n",
        "    xs_array = np.array(xs)\n",
        "    assert (xs_array.shape[-1] == 4)\n",
        "\n",
        "    slice_but_last = list(xs_array.shape)\n",
        "    slice_but_last[-1] = slice(None, -1)\n",
        "    slice_but_last = tuple(slice_but_last)\n",
        "\n",
        "    slice_last = list(xs_array.shape)\n",
        "    slice_last[-1] = slice(-1, None)\n",
        "    slice_last = tuple(slice_last)\n",
        "\n",
        "    return xs_array[slice_but_last] / xs_array[slice_last]"
      ]
    },
    {
      "cell_type": "markdown",
      "metadata": {
        "id": "HMnf58wRg8HT"
      },
      "source": [
        "And we can compute euclidian coordinates in the head space as:"
      ]
    },
    {
      "cell_type": "code",
      "execution_count": 22,
      "metadata": {
        "id": "E_n3nuurg8HT",
        "outputId": "4d42e8e9-6d61-4a99-a6a0-5197f378b9c3"
      },
      "outputs": [
        {
          "data": {
            "text/plain": [
              "array([-0.07501532, -0.00245939, -0.04125612])"
            ]
          },
          "execution_count": 22,
          "metadata": {},
          "output_type": "execute_result"
        }
      ],
      "source": [
        "from_homogeneous(homogeneous_head)"
      ]
    },
    {
      "cell_type": "markdown",
      "metadata": {
        "id": "2fNhdoGEg8HT"
      },
      "source": [
        "Once again, we can use opencv convertion function:"
      ]
    },
    {
      "cell_type": "code",
      "execution_count": 23,
      "metadata": {
        "id": "Lq_bbrcmg8HT",
        "outputId": "1e50a3ed-4015-4c1b-c402-1fd89eb50830"
      },
      "outputs": [
        {
          "data": {
            "text/plain": [
              "array([[-0.07501532, -0.00245939, -0.04125612]])"
            ]
          },
          "execution_count": 23,
          "metadata": {},
          "output_type": "execute_result"
        }
      ],
      "source": [
        "cv2.convertPointsFromHomogeneous(np.array([homogeneous_head]))[0]"
      ]
    },
    {
      "cell_type": "markdown",
      "metadata": {
        "id": "3ywcDeCxg8HT"
      },
      "source": [
        "We can use these transforms to estimate pitch/yaw/roll values (rotation of the head, relative to the world)."
      ]
    },
    {
      "cell_type": "code",
      "execution_count": 24,
      "metadata": {
        "id": "4mLWRXaVg8HT"
      },
      "outputs": [],
      "source": [
        "from scipy.spatial.transform import Rotation as R\n",
        "import matplotlib.pyplot as plt\n"
      ]
    },
    {
      "cell_type": "code",
      "execution_count": 25,
      "metadata": {
        "id": "5vvEg0Qzg8HU"
      },
      "outputs": [],
      "source": [
        "def get_yaw_pitch_roll_world(item, human_instance_id):\n",
        "    rotation = R.from_matrix(item[Modality.WORLD_TO_HEAD][human_instance_id][:3,:3])\n",
        "\n",
        "    # We multiply resulting angles by [-1, 1, -1] to use the same positive axis\n",
        "    # as in job generaton json.\n",
        "    yaw, pitch, roll = rotation.as_euler(\"YXZ\", degrees=True) * [-1, 1,-1]\n",
        "    return yaw, pitch, roll"
      ]
    },
    {
      "cell_type": "code",
      "execution_count": 27,
      "metadata": {
        "id": "Hk_dK7Qcg8HU",
        "outputId": "8cd2f97e-36bc-45f6-ed78-07d98825ff51"
      },
      "outputs": [
        {
          "data": {
            "text/plain": [
              "<matplotlib.image.AxesImage at 0x7fd461733fa0>"
            ]
          },
          "execution_count": 27,
          "metadata": {},
          "output_type": "execute_result"
        },
        {
          "data": {
