{
  "cells": [
    {
      "cell_type": "markdown",
      "metadata": {
        "id": "G4nNlwUVg8HK"
      },
      "source": [
        "# Coordinate systems and transforms of Synthesis AI dataset"
      ]
    },
    {
      "cell_type": "markdown",
      "metadata": {
        "collapsed": true,
        "id": "nCw7n3Wfg8HM"
      },
      "source": [
        "First, we install `synthesisai` and download test datasets."
      ]
    },
    {
      "cell_type": "code",
      "execution_count": null,
      "metadata": {
        "id": "bFLVFYEEg8HN",
        "outputId": "04abb4bb-7118-4eed-e9de-cf4ce785add7"
      },
      "outputs": [],
      "source": [
        "%%bash\n",
        "python -m pip install synthesisai\n",
        "curl https://synthesisai-example-datasets.s3.amazonaws.com/humans_api_example_dataset.zip -o humans_api_example_dataset.zip\n",
        "unzip humans_api_example_dataset.zip -d humans_api_example_dataset"
      ]
    },
    {
      "cell_type": "markdown",
      "metadata": {
        "id": "FTKOP69pg8HO"
      },
      "source": [
        "Finally we add some imports for the visualisation."
      ]
    },
    {
      "cell_type": "code",
      "execution_count": 1,
      "metadata": {
        "id": "9NwXYYlxg8HO"
      },
      "outputs": [],
      "source": [
        "%matplotlib inline"
      ]
    },
    {
      "cell_type": "code",
      "execution_count": 2,
      "metadata": {
        "id": "H6OL8ckAg8HO"
      },
      "outputs": [],
      "source": [
        "import cv2\n",
        "import numpy as np"
      ]
    },
    {
      "cell_type": "markdown",
      "metadata": {
        "id": "PmFjJR25g8HO"
      },
      "source": [
        "We use `SaiDataset` class to access synthesis datasets.\n"
      ]
    },
    {
      "cell_type": "code",
      "execution_count": 3,
      "metadata": {
        "id": "JOZzsVFog8HP"
      },
      "outputs": [],
      "source": [
        "from synthesisai import SaiDataset, Modality"
      ]
    },
    {
      "cell_type": "code",
      "execution_count": 4,
      "metadata": {
        "id": "As6rWPDig8HQ"
      },
      "outputs": [],
      "source": [
        "data_root = \"humans_api_example_dataset\"\n",
        "dataset = SaiDataset(\n",
        "    data_root,\n",
        "    modalities=[\n",
        "        Modality.RGB, Modality.CAM_TO_HEAD, Modality.HEAD_TO_CAM,\n",
        "        Modality.WORLD_TO_HEAD, Modality.HEAD_TO_WORLD, Modality.WORLD_TO_CAM,\n",
        "        Modality.CAM_TO_WORLD, Modality.LANDMARKS_3D_IBUG68\n",
        "    ]\n",
        ")"
      ]
    },
    {
      "cell_type": "code",
      "execution_count": 5,
      "metadata": {
        "id": "bOpuxN10g8HQ",
        "outputId": "b446c062-32e9-4bb7-e280-2f4198bd9ec0"
      },
      "outputs": [
        {
          "data": {
            "text/plain": [
              "129"
            ]
          },
          "execution_count": 5,
          "metadata": {},
          "output_type": "execute_result"
        }
      ],
      "source": [
        "len(dataset)"
      ]
    },
    {
      "cell_type": "markdown",
      "metadata": {
        "id": "Swd8mJuyg8HQ"
      },
      "source": [
        "There are 129 items in the test dataset. Let's explore them closer."
      ]
    },
    {
      "cell_type": "code",
      "execution_count": 7,
      "metadata": {
        "id": "3gPcTVumg8HQ"
      },
      "outputs": [],
      "source": [
        "item = dataset[0]\n",
        "item2 = dataset[1]"
      ]
    },
    {
      "cell_type": "markdown",
      "metadata": {
        "id": "Wk8C2rM6g8HQ"
      },
      "source": [
        "Each item is a dict with different modalities as keys."
      ]
    },
    {
      "cell_type": "code",
      "execution_count": 8,
      "metadata": {
        "id": "GJQuqZb9g8HQ",
        "outputId": "9362c140-f068-4915-f7d7-2663a399ed11"
      },
      "outputs": [
        {
          "name": "stdout",
          "output_type": "stream",
          "text": [
            "dict_keys([<Modality.RGB: 2>, <Modality.LANDMARKS_3D_IBUG68: 15>, <Modality.HEAD_TO_CAM: 29>, <Modality.CAM_TO_HEAD: 30>, <Modality.HEAD_TO_WORLD: 31>, <Modality.WORLD_TO_HEAD: 32>, <Modality.CAM_TO_WORLD: 33>, <Modality.WORLD_TO_CAM: 34>])\n"
          ]
        }
      ],
      "source": [
        "print(item.keys())"
      ]
    },
    {
      "cell_type": "markdown",
      "metadata": {
        "id": "VPZ1LUqXg8HQ"
      },
      "source": [
        "In the Synthesis AI dataset we use 3 different coordinate systems:\n",
        "1.  World coordinate system.\n",
        "2.  Camera coordinate system, centered at the camera with x-axis directed right, y-axis directed top and z-axis directed towards the camera.\n",
        "3.  Head coordinate system, centered at the center of the face with x-axis directed toward the left ear, y-axis directed to the top of the head and z-axis directed towards the nose."
      ]
    },
    {
      "cell_type": "markdown",
      "metadata": {
        "id": "50MxlRuug8HR"
      },
      "source": [
        "We provide transformations between head, camera and world coordinates systems as 4x4 matrices in homogeneous coordinates."
      ]
    },
    {
      "cell_type": "code",
      "execution_count": 9,
      "metadata": {
        "id": "-lB1cM2Ng8HR",
        "outputId": "c355601f-8ac2-4a5a-8783-bbea468be7c0"
      },
      "outputs": [
        {
          "data": {
            "text/plain": [
              "{'human_1': array([[ 9.99998535e-01,  6.03345439e-08,  3.14740086e-07,\n",
              "          2.75436319e-07],\n",
              "        [ 8.38196454e-09,  9.99998383e-01, -3.43226609e-06,\n",
              "         -3.51552562e-06],\n",
              "        [-3.36250585e-08,  3.27302335e-06,  9.99998193e-01,\n",
              "          9.99998030e-01],\n",
              "        [ 0.00000000e+00,  0.00000000e+00,  0.00000000e+00,\n",
              "          1.00000000e+00]])}"
            ]
          },
          "execution_count": 9,
          "metadata": {},
          "output_type": "execute_result"
        }
      ],
      "source": [
        "item[Modality.CAM_TO_HEAD]"
      ]
    },
    {
      "cell_type": "code",
      "execution_count": 10,
      "metadata": {
        "id": "LHYH_XHIg8HR",
        "outputId": "2d4713da-ac6f-443b-c8db-d17491201648"
      },
      "outputs": [
        {
          "data": {
            "text/plain": [
              "{'human_1': array([[ 1.00000147e+00, -6.03336997e-08, -3.14741323e-07,\n",
              "          3.93037687e-08],\n",
              "        [-8.38187496e-09,  1.00000162e+00,  3.43227784e-06,\n",
              "          8.32602263e-08],\n",
              "        [ 3.36251959e-08, -3.27303456e-06,  1.00000181e+00,\n",
              "         -9.99999838e-01],\n",
              "        [ 0.00000000e+00,  0.00000000e+00,  0.00000000e+00,\n",
              "          1.00000000e+00]])}"
            ]
          },
          "execution_count": 10,
          "metadata": {},
          "output_type": "execute_result"
        }
      ],
      "source": [
        "item[Modality.HEAD_TO_CAM]"
      ]
    },
    {
      "cell_type": "code",
      "execution_count": 11,
      "metadata": {
        "id": "0D4GIlvIg8HR",
        "outputId": "cb4f9c1e-0d87-4413-a247-095590c17048"
      },
      "outputs": [
        {
          "data": {
            "text/plain": [
              "{'human_1': array([[ 0.98877245, -0.0887183 ,  0.12025385, -0.01294463],\n",
              "        [ 0.14895648,  0.64971954, -0.74543935,  1.58168411],\n",
              "        [-0.01199738,  0.75498134,  0.65563923,  0.1424308 ],\n",
              "        [ 0.        ,  0.        ,  0.        ,  1.        ]])}"
            ]
          },
          "execution_count": 11,
          "metadata": {},
          "output_type": "execute_result"
        }
      ],
      "source": [
        "item[Modality.HEAD_TO_WORLD]"
      ]
    },
    {
      "cell_type": "code",
      "execution_count": 12,
      "metadata": {
        "id": "NaOL6ZYIg8HR",
        "outputId": "b08f8837-b673-4f03-e03b-446c2cc4aa15"
      },
      "outputs": [
        {
          "data": {
            "text/plain": [
              "{'human_1': array([[ 0.98876958,  0.14895588, -0.01199711, -0.22109313],\n",
              "        [-0.08871796,  0.64971756,  0.75497879, -1.1363286 ],\n",
              "        [ 0.1202537 , -0.74543672,  0.65563674,  1.08721919],\n",
              "        [ 0.        ,  0.        ,  0.        ,  1.        ]])}"
            ]
          },
          "execution_count": 12,
          "metadata": {},
          "output_type": "execute_result"
        }
      ],
      "source": [
        "item[Modality.WORLD_TO_HEAD]"
      ]
    },
    {
      "cell_type": "code",
      "execution_count": 13,
      "metadata": {
        "id": "PpxedOcsg8HR",
        "outputId": "c3b71da2-5894-45d2-d11e-535546816f81"
      },
      "outputs": [
        {
          "data": {
            "text/plain": [
              "array([[ 0.988771  , -0.0887177 ,  0.12025424,  0.10730956],\n",
              "       [ 0.14895629,  0.64971605, -0.74544019,  0.83624399],\n",
              "       [-0.01199738,  0.75498226,  0.65563545,  0.79806608],\n",
              "       [ 0.        ,  0.        ,  0.        ,  1.        ]])"
            ]
          },
          "execution_count": 13,
          "metadata": {},
          "output_type": "execute_result"
        }
      ],
      "source": [
        "item[Modality.CAM_TO_WORLD]"
      ]
    },
    {
      "cell_type": "code",
      "execution_count": 14,
      "metadata": {
        "id": "IEONOWfig8HR",
        "outputId": "7541ee98-ea21-4999-d794-dba69ebe5c31"
      },
      "outputs": [
        {
          "data": {
            "text/plain": [
              "array([[ 0.988771  ,  0.14895629, -0.01199738, -0.22109369],\n",
              "       [-0.0887177 ,  0.64971605,  0.75498226, -1.13632662],\n",
              "       [ 0.12025424, -0.74544019,  0.65563545,  0.08722503],\n",
              "       [ 0.        ,  0.        ,  0.        ,  1.        ]])"
            ]
          },
          "execution_count": 14,
          "metadata": {},
          "output_type": "execute_result"
        }
      ],
      "source": [
        "item[Modality.WORLD_TO_CAM]"
      ]
    },
    {
      "cell_type": "markdown",
      "metadata": {
        "id": "9Nx4cU1Fg8HS"
      },
      "source": [
        "X_TO_Y transform is always inverse of Y_TO_X:"
      ]
    },
    {
      "cell_type": "code",
      "execution_count": 15,
      "metadata": {
        "id": "RVPaK5JVg8HS"
      },
      "outputs": [],
      "source": [
        "human_instance_ids = item[Modality.CAM_TO_HEAD].keys()\n",
        "# each human has its own cam-to-head and head-to-cam transform\n",
        "for human_instance_id in human_instance_ids:\n",
        "    np.testing.assert_allclose(item[Modality.CAM_TO_HEAD][human_instance_id] @ item[Modality.HEAD_TO_CAM][human_instance_id], np.eye(4), atol=1e-10)\n",
        "    np.testing.assert_allclose(item[Modality.HEAD_TO_WORLD][human_instance_id] @ item[Modality.WORLD_TO_HEAD][human_instance_id], np.eye(4), atol=1e-10)\n",
        "np.testing.assert_allclose(item[Modality.CAM_TO_WORLD] @ item[Modality.WORLD_TO_CAM], np.eye(4), atol=1e-10)"
      ]
    },
    {
      "cell_type": "markdown",
      "metadata": {
        "id": "YXZXLyjLg8HS"
      },
      "source": [
        "And composition of X_TO_Y and Z_TO_X transforms always give Z_TO_Y transform:"
      ]
    },
    {
      "cell_type": "code",
      "execution_count": 16,
      "metadata": {
        "id": "rgNG6f0og8HS"
      },
      "outputs": [],
      "source": [
        "for human_instance_id in human_instance_ids:\n",
        "    np.testing.assert_allclose(item[Modality.CAM_TO_WORLD], item[Modality.HEAD_TO_WORLD][human_instance_id] @ item[Modality.CAM_TO_HEAD][human_instance_id], atol=1e-10)"
      ]
    },
    {
      "cell_type": "markdown",
      "metadata": {
        "id": "DAA_rwlOg8HS"
      },
      "source": [
        "All 3D coordinates (ex. landmarks) are always given in camera coordinates."
      ]
    },
    {
      "cell_type": "code",
      "execution_count": 17,
      "metadata": {
        "id": "Qf7DNlLxg8HS",
        "outputId": "1f389d51-073d-4beb-cae1-e12a330f8058"
      },
      "outputs": [
        {
          "data": {
            "text/plain": [
              "(-0.0748477652668953, -0.002214750275015831, -1.0413579940795898)"
            ]
          },
          "execution_count": 17,
          "metadata": {},
          "output_type": "execute_result"
        }
      ],
      "source": [
        "item[Modality.LANDMARKS_3D_IBUG68][human_instance_id][0]"
      ]
    },
    {
      "cell_type": "markdown",
      "metadata": {
        "id": "HurXvT3Jg8HS"
      },
      "source": [
        "If we want to get coordinates in the head coordinate system (they should be independent on camera position and pitch/yaw/roll values),\n",
        "we need to multiply them by CAM_TO_HEAD transform.\n",
        "\n",
        "However, as matrices are in homogeneous coordinates, first we will need to transform them to homogeneous coordinates:"
      ]
    },
    {
      "cell_type": "code",
      "execution_count": 18,
      "metadata": {
        "id": "5_mie5Ufg8HS"
      },
      "outputs": [],
      "source": [
        "def to_homogeneous(xs):\n",
        "    xs_array = np.array(xs)\n",
        "    assert (xs_array.shape[-1] == 3)\n",
        "    ones_shape = list(xs_array.shape)\n",
        "    ones_shape[-1] = 1\n",
        "    homogeneous = np.concatenate([xs_array, np.ones(ones_shape)], axis=-1)\n",
        "    return homogeneous"
      ]
    },
    {
      "cell_type": "code",
      "execution_count": 19,
      "metadata": {
        "id": "pqYZJhOgg8HS",
        "outputId": "a5c0234a-89b6-44ab-acb6-d8f4e263a4d7"
      },
      "outputs": [
        {
          "data": {
            "text/plain": [
              "array([-0.07484777, -0.00221475, -1.04135799,  1.        ])"
            ]
          },
          "execution_count": 19,
          "metadata": {},
          "output_type": "execute_result"
        }
      ],
      "source": [
        "homogeneous_cam = to_homogeneous(item[Modality.LANDMARKS_3D_IBUG68][human_instance_id][0])\n",
        "homogeneous_cam"
      ]
    },
    {
      "cell_type": "markdown",
      "metadata": {
        "id": "BK5BwBDKg8HT"
      },
      "source": [
        "We wrote our own function instead of using opecv one, so it can work with multidimensional arrays of points.\n",
        "Opencv function can work only with 1-d arrays of points, neither single point, nor multidimensional arrays are supported.\n",
        "In this particular case, opencv function will suffice:"
      ]
    },
    {
      "cell_type": "code",
      "execution_count": 20,
      "metadata": {
        "id": "Y__Pobhyg8HT",
        "outputId": "ee520481-6531-4704-f6b4-db0ccf2ce695"
      },
      "outputs": [
        {
          "data": {
            "text/plain": [
              "array([[-0.07484777, -0.00221475, -1.04135799,  1.        ]])"
            ]
          },
          "execution_count": 20,
          "metadata": {},
          "output_type": "execute_result"
        }
      ],
      "source": [
        "cv2.convertPointsToHomogeneous(np.array([item[Modality.LANDMARKS_3D_IBUG68][human_instance_id][0]]))[0]"
      ]
    },
    {
      "cell_type": "markdown",
      "metadata": {
        "id": "DMM3qroGg8HT"
      },
      "source": [
        "Now, we can compute homogeneous coordinates in head coordinate system."
      ]
    },
    {
      "cell_type": "code",
      "execution_count": 21,
      "metadata": {
        "id": "Y6oEXT_Gg8HT",
        "outputId": "8bc6ea2d-11fc-483a-b5f9-4bd2af7ae996"
      },
      "outputs": [
        {
          "data": {
            "text/plain": [
              "array([-0.07484771, -0.00221469, -0.04135809,  1.        ])"
            ]
          },
          "execution_count": 21,
          "metadata": {},
          "output_type": "execute_result"
        }
      ],
      "source": [
        "homogeneous_head = item[Modality.CAM_TO_HEAD][human_instance_id] @ homogeneous_cam\n",
        "homogeneous_head"
      ]
    },
    {
      "cell_type": "markdown",
      "metadata": {
        "id": "wrXW2dd4g8HT"
      },
      "source": [
        "Now, we need to transform back to euclidian coordinates:"
      ]
    },
    {
      "cell_type": "code",
      "execution_count": 22,
      "metadata": {
        "id": "ihbliMahg8HT"
      },
      "outputs": [],
      "source": [
        "def from_homogeneous(xs):\n",
        "    xs_array = np.array(xs)\n",
        "    assert (xs_array.shape[-1] == 4)\n",
        "\n",
        "    slice_but_last = list(xs_array.shape)\n",
        "    slice_but_last[-1] = slice(None, -1)\n",
        "    slice_but_last = tuple(slice_but_last)\n",
        "\n",
        "    slice_last = list(xs_array.shape)\n",
        "    slice_last[-1] = slice(-1, None)\n",
        "    slice_last = tuple(slice_last)\n",
        "\n",
        "    return xs_array[slice_but_last] / xs_array[slice_last]"
      ]
    },
    {
      "cell_type": "markdown",
      "metadata": {
        "id": "HMnf58wRg8HT"
      },
      "source": [
        "And we can compute euclidian coordinates in the head space as:"
      ]
    },
    {
      "cell_type": "code",
      "execution_count": 23,
      "metadata": {
        "id": "E_n3nuurg8HT",
        "outputId": "4d42e8e9-6d61-4a99-a6a0-5197f378b9c3"
      },
      "outputs": [
        {
          "data": {
            "text/plain": [
              "array([-0.07484771, -0.00221469, -0.04135809])"
            ]
          },
          "execution_count": 23,
          "metadata": {},
          "output_type": "execute_result"
        }
      ],
      "source": [
        "from_homogeneous(homogeneous_head)"
      ]
    },
    {
      "cell_type": "markdown",
      "metadata": {
        "id": "2fNhdoGEg8HT"
      },
      "source": [
        "Once again, we can use opencv convertion function:"
      ]
    },
    {
      "cell_type": "code",
      "execution_count": 24,
      "metadata": {
        "id": "Lq_bbrcmg8HT",
        "outputId": "1e50a3ed-4015-4c1b-c402-1fd89eb50830"
      },
      "outputs": [
        {
          "data": {
            "text/plain": [
              "array([[-0.07484771, -0.00221469, -0.04135809]])"
            ]
          },
          "execution_count": 24,
          "metadata": {},
          "output_type": "execute_result"
        }
      ],
      "source": [
        "cv2.convertPointsFromHomogeneous(np.array([homogeneous_head]))[0]"
      ]
    },
    {
      "cell_type": "markdown",
      "metadata": {
        "id": "3ywcDeCxg8HT"
      },
      "source": [
        "We can use these transforms to estimate pitch/yaw/roll values (rotation of the head, relative to the world)."
      ]
    },
    {
      "cell_type": "code",
      "execution_count": 25,
      "metadata": {
        "id": "4mLWRXaVg8HT"
      },
      "outputs": [],
      "source": [
        "from scipy.spatial.transform import Rotation as R\n",
        "import matplotlib.pyplot as plt\n"
      ]
    },
    {
      "cell_type": "code",
      "execution_count": 26,
      "metadata": {
        "id": "5vvEg0Qzg8HU"
      },
      "outputs": [],
      "source": [
        "def get_yaw_pitch_roll_world(item, human_instance_id):\n",
        "    rotation = R.from_matrix(item[Modality.WORLD_TO_HEAD][human_instance_id][:3,:3])\n",
        "\n",
        "    # We multiply resulting angles by [-1, 1, -1] to use the same positive axis\n",
        "    # as in job generaton json.\n",
        "    yaw, pitch, roll = rotation.as_euler(\"YXZ\", degrees=True) * [-1, 1,-1]\n",
        "    return yaw, pitch, roll"
      ]
    },
    {
      "cell_type": "code",
      "execution_count": 27,
      "metadata": {
        "id": "Hk_dK7Qcg8HU",
        "outputId": "8cd2f97e-36bc-45f6-ed78-07d98825ff51"
      },
      "outputs": [
        {
          "data": {
            "text/plain": [
              "<matplotlib.image.AxesImage at 0x7fb3c18b7ac0>"
            ]
          },
          "execution_count": 27,
          "metadata": {},
          "output_type": "execute_result"
        },
        {
          "data": {
